"","0_SD7449_H041_pH7","100_SD7551_S153","101_SD7552_S154","103_SD7554_S156","104_SD7555_S157","105_SD7556_S158","106_SD7557_S159","107_SD7558_S160","108_SD7559_S161","109_SD7560_S162","110_SD7561_S163","111_SD7562_S164","112_SD7563_S165","113_SD7564_S166","114_SD7565_S167","115_SD7566_S168","116_SD7567_S169","117_SD7568_S170","119_SD7570_S172","11_SD7462_H055_pH7","120_SD7571_S173","121_SD7572_S174","122_SD7573_S175","13_SD7464_H057_pH7","14_SD7465_H058_pH7","18_SD7469_H063_pH6.5","1_SD7450_H042_pH7","20_SD7471_H067_pH6.5","22_SD7473_H069_pH6.5","23_SD7474_H070_pH6.5","24_SD7475_H071_pH6.5","26_SD7477_H073_pH6.5","27_SD7478_H074_pH6.5","28_SD7479_H075_pH6.5","2_SD7451_H043_pH7","30_SD7481_H077_pH6.5","31_SD7482_H078_pH6.5","32_SD7483_H079_pH6.5","34_SD7485_H081_pH6","36_SD7487_H085_pH6","37_SD7488_H086_pH6","38_SD7489_H087_pH6","39_SD7490_H089_pH6","40_SD7491_H090_pH6","42_SD7493_H092_pH6","43_SD7494_H093_pH6","44_SD7495_H094_pH6","45_SD7496_H095_pH6","46_SD7497_H096_pH6","47_SD7498_H097_pH6","48_SD7499_H098_pH6","49_SD7500_H099_pH6","50_SD7501_H100_pH6","51_SD7502_H101_pH5.5","52_SD7503_H102_pH5.5","53_SD7504_H103_pH5.5","54_SD7505_H104_pH5.5","55_SD7506_H105_pH5.5","56_SD7507_H106_pH5.5","57_SD7508_H107_pH5.5","58_SD7509_H109_pH5.5","59_SD7510_H110_pH5.5","5_SD7454_H046_pH7","60_SD7511_H111_pH5.5","61_SD7512_H113_pH5.5","63_SD7514_H115_pH5.5","64_SD7515_H116_pH5.5","65_SD7516_H117_pH5.5","66_SD7517_H119_pH5.5","67_SD7518_H120_pH5.5","68_SD7519_S121","69_SD7520_S122","70_SD7521_S123","71_SD7522_S124","72_SD7523_S125","73_SD7524_S126","74_SD7525_S127","75_SD7526_S128","76_SD7527_S129","77_SD7528_S130","78_SD7529_S131","79_SD7530_S132","80_SD7531_S133","81_SD7532_S134","82_SD7533_S135","83_SD7534_S136","84_SD7535_S137","85_SD7536_S138","86_SD7537_S139","87_SD7538_S140","8_SD7458_H051_pH7","90_SD7541_S143","91_SD7542_S144","92_SD7543_S145","93_SD7544_S146","94_SD7545_S147","95_SD7546_S148","97_SD7548_S150","98_SD7549_S151","99_SD7550_S152"
"AAACTGCACGTTGGCTTGGCATTCATGATCATCGCAATTGCACCCTTTACACGGCTGGTT",0,0,0,0,0,0,0,0,0,0,0,0,0,0,0,0,0,0,0,0,0,0,0,0,0,0,0,0,0,0,0,0,0,0,0,0,0,0,0,0,0,0,0,0,0,0,0,0,0,0,0,0,0,0,0,0,0,0,0,0,0,0,0,0,0,0,0,0,0,0,0,0,0,0,0,0,0,0,0,0,0,0,0,0,1,0,0,0,0,0,0,0,0,0,0,0,1,0,0,0
"AAGCTCCACGCCGCGAACGCGTTCCTGCTGGTGGCGCTCCTGCCGCTCTCGAAGCTCGTG",3,8,1,0,0,0,0,0,0,0,0,1,0,0,0,0,2,0,1,2,1,1,1,5,1,4,1,3,4,2,4,2,3,10,2,1,3,3,1,3,3,0,2,3,2,1,4,3,2,5,2,3,1,2,4,1,3,7,0,2,3,5,3,1,1,5,2,1,1,3,2,6,0,1,2,2,2,4,3,3,3,2,3,4,8,2,6,1,1,1,0,1,1,0,0,0,2,1,0,0
"CAAATTCACGCGCTGTTCGGCGGCCTGCTGTTCTTGTCCCTTCCCATATGCCGTTACGTT",0,0,0,0,0,0,0,0,0,0,0,0,0,0,0,0,0,0,0,0,0,0,0,0,0,0,0,0,0,0,0,0,0,0,0,0,0,0,0,0,0,0,0,0,0,0,0,0,0,0,0,0,0,0,0,0,0,0,0,0,0,0,0,0,0,0,0,0,0,0,0,0,0,0,0,0,0,0,0,0,1,0,0,0,0,0,0,0,0,0,0,0,0,0,0,0,0,0,0,0
"CAGGTTCACGCGGTCGCCTCGTGGGCGGTTCTCGCCGTCTGGCCGTTCAGCCGCCTAGTC",13,20,18,19,19,29,28,23,32,32,40,25,31,31,26,22,31,30,26,22,30,28,24,18,12,16,17,15,14,11,13,19,15,18,22,21,25,20,24,16,15,15,23,17,19,15,14,24,19,14,16,10,21,11,16,15,10,8,13,11,15,18,23,19,12,20,13,17,13,17,15,17,20,14,16,23,21,8,17,19,13,17,15,22,14,15,11,14,19,15,18,31,25,23,27,22,18,27,18,12
"CAGTCCCATCTGATCAGTGGCTTCGTACTGATCCTGCTGTTTCCTTTCACCCGGCTGATA",2,6,6,6,2,6,3,3,5,1,0,5,5,6,8,10,5,7,4,3,5,6,11,2,0,2,4,6,3,3,2,5,0,1,1,1,0,4,1,0,2,5,1,1,1,4,4,3,2,1,3,4,2,4,4,3,5,4,7,4,7,4,2,7,2,4,1,5,6,5,11,3,5,7,8,6,6,7,4,8,4,5,7,4,10,7,4,8,9,7,4,3,7,4,6,2,6,6,8,9
"CGGATCCACTACATTTCAAATTCATGCGTCTTTGCGACTTTGCCCTTTTTGCGAGAATTA",0,0,0,0,0,0,0,0,0,0,0,0,0,0,0,0,0,0,0,0,0,0,0,0,0,0,0,0,0,0,0,0,0,0,0,0,0,0,0,0,0,0,0,0,0,0,0,0,0,0,0,0,0,0,0,0,0,0,0,0,0,0,0,0,0,0,0,0,0,0,0,0,0,0,0,0,0,0,0,0,0,0,0,0,0,0,0,0,0,0,0,0,0,0,0,0,0,0,0,0
"CGTGCGCATATCGCACTCGGACTGACGATCTTCCTGATCTTCCCGTTCACGCGCATGGTG",32,16,25,25,29,15,19,24,13,17,10,19,14,13,16,18,12,13,19,22,14,15,14,22,37,27,28,25,29,34,31,24,31,21,24,27,21,23,24,31,30,30,24,28,28,30,28,20,27,30,29,33,26,33,26,31,32,31,30,32,24,23,21,23,35,20,34,27,30,25,22,24,25,28,24,19,21,31,26,20,29,26,25,20,17,26,29,27,21,27,27,15,17,23,17,26,23,16,24,29
"CTTTCTCATGAAGTGATCGGACATCGTCTTGAAATCCTCCTGCCATTTGCCGAAATTGTC",0,0,0,0,0,0,0,0,0,0,0,0,0,0,0,0,0,0,0,0,0,0,0,3,0,0,0,0,0,0,0,0,0,0,0,0,0,0,0,0,0,0,0,0,0,0,0,0,0,0,0,0,0,0,0,0,0,0,0,0,0,0,0,0,0,0,0,0,0,0,0,0,0,0,0,0,0,0,0,0,0,0,0,0,0,0,0,0,0,0,0,0,0,0,0,0,0,0,0,0
"GCTCGAGTCGTCATCACCGGGCTGAGTTTGTTCTGTTTGTGGCCGTTCACCCGGCTCGTG",0,0,0,0,0,0,0,0,0,0,0,0,0,0,0,0,0,0,0,1,0,0,0,0,0,1,0,1,0,0,0,0,1,0,1,0,0,0,0,0,0,0,0,0,0,0,0,0,0,0,0,0,0,0,0,0,0,0,0,1,1,0,0,0,0,1,0,0,0,0,0,0,0,0,0,0,0,0,0,0,0,0,0,0,0,0,0,0,0,0,0,0,0,0,0,0,0,0,0,0
"TATGTACACATGCTCACGACGATGACCTTTATTGCGACACTTCCCTTTACGCGGGCACTT",0,0,0,0,0,0,0,0,0,0,0,0,0,0,0,0,0,0,0,0,0,0,0,0,0,0,0,0,0,0,0,0,0,0,0,0,0,0,0,0,0,0,0,0,0,0,0,0,0,0,0,0,0,0,0,0,0,0,0,0,0,0,0,0,0,0,0,0,0,0,0,0,0,0,0,0,0,0,0,0,0,0,0,0,0,0,0,0,0,0,0,0,0,0,0,0,0,0,0,0
"TCAGGTCATGTGAAGACTAACGGAGAAGTCACAGCATTATTTCCGTTTCAGAGATTGGTG",0,0,0,0,0,0,0,0,0,0,0,0,0,0,0,0,0,0,0,0,0,0,0,0,0,0,0,0,0,0,0,0,0,0,0,0,0,0,0,0,0,0,0,0,0,0,0,0,0,0,0,0,0,0,0,0,0,0,0,0,0,0,0,0,0,0,0,0,0,0,0,0,0,0,0,0,0,0,0,0,0,0,0,0,0,0,0,0,0,0,0,0,0,0,0,0,0,0,0,0
"TGGGTGCATGCAATCCAGGTGGCGCTCTTCTTTGCGCTCATTCCGATTTCCCGGTTTCTG",0,0,0,0,0,0,0,0,0,0,0,0,0,0,0,0,0,0,0,0,0,0,0,0,0,0,0,0,0,0,0,0,0,0,0,0,0,0,0,0,0,0,0,0,0,0,0,0,0,0,0,0,0,0,0,0,0,0,0,0,0,0,0,0,0,0,0,0,0,0,0,0,0,0,0,0,0,0,0,0,0,0,0,0,0,0,0,0,0,0,0,0,0,0,0,0,0,0,0,0
"TGGTTTCACCTGCTGCTGAGTTTTGGTGCATTGGCGTGGTTTCCGTATACAAAGATGATG",0,0,0,0,0,0,0,0,0,0,0,0,0,0,0,0,0,0,0,0,0,0,0,0,0,0,0,0,0,0,0,0,0,0,0,0,1,0,0,0,0,0,0,1,0,0,0,0,0,0,0,0,0,0,0,0,0,0,0,0,0,0,1,0,0,0,0,0,0,0,0,0,0,0,0,0,0,0,0,0,0,0,0,0,0,0,0,0,0,0,1,0,0,0,0,0,0,0,0,0
"TTGGTGCTTGTCTGGGGTGGGTGGTTGTTTTTTTTTGTTTTGCCGTTCTCGCGGCGGGTA",0,0,0,0,0,0,0,0,0,0,0,0,0,0,0,0,0,0,0,0,0,0,0,0,0,0,0,0,0,0,0,0,0,0,0,0,0,0,0,0,0,0,0,0,0,0,0,0,0,0,0,0,0,0,0,0,0,0,0,0,0,0,0,0,0,0,0,0,0,0,0,0,0,0,0,0,0,0,0,0,0,0,0,0,0,0,0,0,0,0,0,0,0,0,0,0,0,0,0,0
